#  day   fla      flb      flc       fld    cerra   cerrb   cerrc   cerrd
#
367.46 34.87000 16.13000 17.65900  5.85200 0.22896 0.13422 0.14098 0.09941
369.40 33.53900 16.40100 17.41400  5.82800 0.24288 0.16787 0.17150 0.14042
372.63 34.24600 16.33800 16.74200  5.70200 0.21943 0.12465 0.12657 0.08426
375.48 34.05200 16.53500 17.39400  5.76200 0.22167 0.13130 0.13523 0.09269
380.45 33.74200 17.01000 17.15800  5.89800 0.26565 0.20000 0.20046 0.17560
385.65 33.20800 17.12200 17.03500  5.67200 0.29313 0.23828 0.23806 0.21768
388.54 34.32200 16.91200 16.90400  5.96200 0.23300 0.14892 0.14889 0.11472
389.48 33.66000 17.01800 17.16700  6.09300 0.24073 0.16609 0.16664 0.13601
391.45 34.80400 17.34300 17.37400  5.85000 0.29403 0.23168 0.23177 0.20995
394.97 33.32700 17.05600 17.21800  5.91000 0.27652 0.21669 0.21715 0.19426
396.23 33.26900 17.38600 16.82300  5.80700 0.22462 0.14660 0.14421 0.10873
399.22 32.99500 16.83800 17.13500  5.81800 0.21624 0.13333 0.13468 0.09374
399.98 33.80800 17.00900 16.85100  5.92600 0.26085 0.19316 0.19266 0.16781
403.38 33.41800 16.67600 16.58900  5.94400 0.21739 0.13064 0.13024 0.09126
406.31 34.19700 16.91300 17.30000  5.97600 0.22326 0.13432 0.13608 0.09502
411.36 34.81700 17.10500 17.46300  5.89200 0.22406 0.13074 0.13244 0.08838
415.51 34.11500 17.19500 17.53600  5.83800 0.22280 0.13560 0.13717 0.09472
419.21 35.34800 17.23700 17.82700  5.86200 0.25303 0.17245 0.17460 0.14241
423.23 35.67000 16.87900 17.66800  5.84400 0.25908 0.17769 0.18043 0.15015
425.23 35.89400 16.37900 17.56300  5.95400 0.25312 0.16537 0.16969 0.13771
428.31 35.87600 16.62100 17.49700  5.56500 0.23489 0.13704 0.14092 0.09975
433.31 35.05900 16.53100 17.41200  5.68300 0.22332 0.12435 0.12861 0.08239
438.31 34.64500 16.36500 17.40100  5.81100 0.24624 0.16452 0.16830 0.13653
441.31 35.13500 16.34600 17.67400  5.52100 0.22060 0.11766 0.12438 0.07295
442.20 35.49600 16.61800 17.52000  5.64300 0.23200 0.13567 0.13969 0.09803
447.17 34.18300 16.55400 17.58400  5.93700 0.22201 0.13073 0.13548 0.09216
452.22 34.45500 16.31400 17.79700  5.76500 0.23954 0.15564 0.16138 0.12585
456.31 33.41700 16.36200 17.13600  5.84700 0.21817 0.13051 0.13404 0.09288
460.18 33.65900 16.78700 17.07300  5.99200 0.21578 0.12618 0.12755 0.08407
465.17 34.56900 16.92100 17.43600  5.99900 0.22454 0.13305 0.13543 0.09323
465.88 34.30800 16.90900 17.97500  6.06100 0.25237 0.17779 0.18151 0.15046
469.13 34.19900 16.74600 17.00200  6.03100 0.22097 0.12969 0.13088 0.08963
475.06 33.02900 16.25800 16.78000  5.91500 0.37470 0.33263 0.33356 0.31997
479.00 33.18900 16.35000 17.18200  5.88800 0.21244 0.12288 0.12690 0.08200
482.29 33.62100 16.77300 16.75300  6.04300 0.22130 0.13568 0.13559 0.09796
488.23 33.82600 16.44700 17.57300  6.00000 0.23680 0.15691 0.16125 0.12720
493.07 34.50500 16.69500 17.05400  5.88000 0.21986 0.12454 0.12628 0.08198
493.97 33.66100 16.93000 17.08200  5.98000 0.24747 0.17541 0.17594 0.14743
498.16 34.04800 17.23500 17.15500  5.72900 0.22283 0.13644 0.13607 0.09541
503.15 34.27000 16.54500 17.47200  5.90900 0.22651 0.13740 0.14147 0.10140
508.13 34.20800 16.86700 17.62200  5.82400 0.22831 0.14227 0.14553 0.10593
511.12 34.22900 16.94200 17.97700  5.80500 0.21864 0.12633 0.13137 0.08269
516.03 32.93600 17.32900 17.28500  5.86900 0.22285 0.14635 0.14617 0.10885
522.11 34.01400 16.83300 17.48900  5.72300 0.21244 0.11697 0.12038 0.06826
524.08 34.39800 16.80700 17.51700  5.83700 0.24499 0.16611 0.16873 0.13657
529.08 34.72800 16.71000 17.53500  5.58100 0.23469 0.14736 0.15078 0.11307
533.21 34.78900 16.62700 17.32600  5.93200 0.25821 0.18181 0.18415 0.15611
538.10 33.97000 16.67700 17.26600  5.77200 0.24956 0.17535 0.17739 0.14811
540.02 34.62500 17.09500 17.07100  5.87800 0.23415 0.14894 0.14885 0.11361
544.03 34.19400 16.99800 17.24400  5.83200 0.22737 0.14144 0.14251 0.10406
546.03 34.20300 17.18600 17.60600  5.95000 0.23284 0.15077 0.15251 0.11565
550.02 34.60000 16.39200 17.71500  5.80600 0.27674 0.20775 0.21163 0.18629
554.01 33.98800 16.69000 17.57200  5.88000 0.21434 0.11993 0.12439 0.07484
557.87 33.23600 16.90500 17.68800  5.76500 0.21102 0.12267 0.12659 0.07718
560.99 33.42200 16.76300 17.82800  5.87100 0.21741 0.13104 0.13601 0.09109
564.98 33.22600 16.95900 16.81300  5.83200 0.27129 0.21026 0.20984 0.18730
571.96 34.39300 16.66700 17.84300  5.99600 0.27057 0.20156 0.20515 0.17866
576.95 33.54600 16.89200 17.26600  5.88500 0.39942 0.35958 0.36022 0.34680
578.12 33.94300 16.55000 17.53000  5.82500 0.57339 0.54512 0.54622 0.53714
581.93 34.28600 16.09300 18.33300  5.80100 0.22494 0.13268 0.14276 0.09743
585.86 34.49100 16.28100 17.46600  5.78700 0.22012 0.12316 0.12887 0.08265
589.91 33.91800 16.01700 17.70900  6.05800 0.22375 0.13373 0.14121 0.09985
591.90 34.60700 16.16700 17.45800  5.99900 0.27349 0.20272 0.20653 0.18160
594.98 33.27800 16.37300 17.14700  6.05100 0.21294 0.12299 0.12673 0.08243
