2
-1.252076e+00  8.784000e-01 1.000000e+05
0.000000e+00 1.000000e+05
6.000000e+01 1.000000e+05
1.000000e-01 1.000000e+05
-4.471698e-01  9.756000e-01 1.000000e+05
0.000000e+00 1.000000e+05
6.000000e+01 1.000000e+05
1.000000e-01 1.000000e+05
1

4 1.000000 1.000000 1.000000 1.390000
-7.454013e-01  1.943691e+00  7.589724e+01  3.000000e-03 1.320000e+01   2.637175e+01 3.000000e+00
 3.008296e-02  1.483409e+00  4.297135e+01  3.000000e-03 7.100000e+00   3.096719e+01 3.000000e+00
 1.487481e-05 -5.699592e-05  3.791689e+01  3.000000e-03 9.900000e+00   2.452794e-11 1.000000e-05
-1.863104e+00  8.783448e-01  1.217891e+01  3.000000e-03 4.100000e+00   7.555263e+01 3.000000e+00

