#
# Columns: x1 y1 u1 v1 x2 y2 u2 v2
#
# To plot the image plane curves, connect each (x1,y1)
# to the (x2,y2) on the same line -- do *not* connect
# consecutive lines!
#
# To plot the source plane curves, do the same for
# (u1,v1) and (u2,v2).
#
 -1.731080734383e+00  3.185901465780e-02 -1.089138818569e+00  8.693153545405e-01  -1.691189005425e+00  1.716940944820e-02 -1.082528057429e+00  8.785522374729e-01
 -1.691189005425e+00  1.716940944820e-02 -1.082528057429e+00  8.785522374729e-01  -1.661465792391e+00  7.240988794666e-03 -1.077943660128e+00  8.854302711434e-01
 -1.661465792391e+00  7.240988794666e-03 -1.077943660128e+00  8.854302711434e-01  -1.613281471616e+00 -7.068054790877e-03 -1.071111516851e+00  8.965497531081e-01
 -1.613281471616e+00 -7.068054790877e-03 -1.071111516851e+00  8.965497531081e-01  -1.591868522131e+00 -1.273482133038e-02 -1.068307212533e+00  9.014716717360e-01
 -1.591868522131e+00 -1.273482133038e-02 -1.068307212533e+00  9.014716717360e-01  -1.552707377265e+00 -2.202232269194e-02 -1.063537503885e+00  9.104290012778e-01
 -1.552707377265e+00 -2.202232269194e-02 -1.063537503885e+00  9.104290012778e-01  -1.521462800949e+00 -2.845174830711e-02 -1.060057409675e+00  9.175241407466e-01
 -1.521462800949e+00 -2.845174830711e-02 -1.060057409675e+00  9.175241407466e-01  -1.466913059800e+00 -3.763501269506e-02 -1.054653394420e+00  9.297699736398e-01
 -1.466913059800e+00 -3.763501269506e-02 -1.054653394420e+00  9.297699736398e-01  -1.451322261391e+00 -3.979008349597e-02 -1.053262170695e+00  9.332303526557e-01
 -1.451322261391e+00 -3.979008349597e-02 -1.053262170695e+00  9.332303526557e-01  -1.425086978605e+00 -4.295185544392e-02 -1.051071491027e+00  9.390068694863e-01
 -1.425086978605e+00 -4.295185544392e-02 -1.051071491027e+00  9.390068694863e-01  -1.382480155570e+00 -4.685890242546e-02 -1.047907818472e+00  9.482469096847e-01
 -1.382480155570e+00 -4.685890242546e-02 -1.047907818472e+00  9.482469096847e-01  -1.326132712961e+00 -4.973037251963e-02 -1.044450057605e+00  9.601452527541e-01
 -1.326132712961e+00 -4.973037251963e-02 -1.044450057605e+00  9.601452527541e-01  -1.314028667678e+00 -5.001104572995e-02 -1.043812038901e+00  9.626456298955e-01
 -1.314028667678e+00 -5.001104572995e-02 -1.043812038901e+00  9.626456298955e-01  -1.257121710388e+00 -4.976449061598e-02 -1.041290210346e+00  9.740913717738e-01
 -1.257121710388e+00 -4.976449061598e-02 -1.041290210346e+00  9.740913717738e-01  -1.245051180100e+00 -4.938410096660e-02 -1.040853748195e+00  9.764464313298e-01
 -1.245051180100e+00 -4.938410096660e-02 -1.040853748195e+00  9.764464313298e-01  -1.231400120616e+00 -4.881733139521e-02 -1.040400310389e+00  9.790759855072e-01
 -1.231400120616e+00 -4.881733139521e-02 -1.040400310389e+00  9.790759855072e-01  -1.176483972300e+00 -4.509370191068e-02 -1.038990833481e+00  9.892540750659e-01
 -1.176483972300e+00 -4.509370191068e-02 -1.038990833481e+00  9.892540750659e-01  -1.152995884805e+00 -4.280804063193e-02 -1.038580596414e+00  9.933896208602e-01
 -1.152995884805e+00 -4.280804063193e-02 -1.038580596414e+00  9.933896208602e-01  -1.109189285346e+00 -3.746790255588e-02 -1.038098440598e+00  1.000703598751e+00
 -1.109189285346e+00 -3.746790255588e-02 -1.038098440598e+00  1.000703598751e+00  -1.059654469158e+00 -2.979962010609e-02 -1.037950458739e+00  1.008265098698e+00
 -1.059654469158e+00 -2.979962010609e-02 -1.037950458739e+00  1.008265098698e+00  -1.042091419514e+00 -2.668264100740e-02 -1.037986050916e+00  1.010744051209e+00
 -1.042091419514e+00 -2.668264100740e-02 -1.037986050916e+00  1.010744051209e+00  -9.827196600191e-01 -1.469969854123e-02 -1.038377092067e+00  1.018239709005e+00
 -9.827196600191e-01 -1.469969854123e-02 -1.038377092067e+00  1.018239709005e+00  -9.740239356341e-01 -1.276759572468e-02 -1.038462289266e+00  1.019213629991e+00
 -9.740239356341e-01 -1.276759572468e-02 -1.038462289266e+00  1.019213629991e+00  -9.172902782520e-01  8.318710481888e-04 -1.039117664869e+00  1.024701942525e+00
 -9.172902782520e-01  8.318710481888e-04 -1.039117664869e+00  1.024701942525e+00  -9.055199149960e-01  3.850103773162e-03 -1.039263697920e+00  1.025640165357e+00
 -9.055199149960e-01  3.850103773162e-03 -1.039263697920e+00  1.025640165357e+00  -8.565318259420e-01  1.700912383533e-02 -1.039836079358e+00  1.028733740588e+00
 -8.565318259420e-01  1.700912383533e-02 -1.039836079358e+00  1.028733740588e+00  -8.368970325915e-01  2.250499077205e-02 -1.040024347494e+00  1.029583548809e+00
 -8.368970325915e-01  2.250499077205e-02 -1.040024347494e+00  1.029583548809e+00  -7.671230395593e-01  4.258348692848e-02 -1.040279627746e+00  1.030608877548e+00
 -7.671230395593e-01  4.258348692848e-02 -1.040279627746e+00  1.030608877548e+00  -7.661950471356e-01  4.285240813049e-02 -1.040276999147e+00  1.030600212226e+00
 -7.661950471356e-01  4.285240813049e-02 -1.040276999147e+00  1.030600212226e+00  -7.657502590555e-01  4.298128292454e-02 -1.040275669174e+00  1.030595837760e+00
 -7.657502590555e-01  4.298128292454e-02 -1.040275669174e+00  1.030595837760e+00  -6.905533824096e-01  6.428901140517e-02 -1.039273846451e+00  1.027738457284e+00
 -6.905533824096e-01  6.428901140517e-02 -1.039273846451e+00  1.027738457284e+00  -6.793448344846e-01  6.731406625301e-02 -1.038966061512e+00  1.026935387181e+00
 -6.793448344846e-01  6.731406625301e-02 -1.038966061512e+00  1.026935387181e+00  -6.649827566046e-01  7.110353303720e-02 -1.038500446272e+00  1.025757567824e+00
 -6.649827566046e-01  7.110353303720e-02 -1.038500446272e+00  1.025757567824e+00  -6.352202945924e-01  7.859816465597e-02 -1.037261378529e+00  1.022779576394e+00
 -6.352202945924e-01  7.859816465597e-02 -1.037261378529e+00  1.022779576394e+00  -6.076184695358e-01  8.506141972287e-02 -1.035756080327e+00  1.019372126183e+00
 -6.076184695358e-01  8.506141972287e-02 -1.035756080327e+00  1.019372126183e+00  -5.904791648093e-01  8.882533780943e-02 -1.034639353747e+00  1.016951132727e+00
 -5.904791648093e-01  8.882533780943e-02 -1.034639353747e+00  1.016951132727e+00  -5.728576263505e-01  9.249915486528e-02 -1.033342304016e+00  1.014228484293e+00
 -5.728576263505e-01  9.249915486528e-02 -1.033342304016e+00  1.014228484293e+00  -5.456313044464e-01  9.781684672891e-02 -1.031040530738e+00  1.009586662531e+00
 -5.456313044464e-01  9.781684672891e-02 -1.031040530738e+00  1.009586662531e+00  -5.138438178785e-01  1.035840005653e-01 -1.027905427353e+00  1.003573988296e+00
 -5.138438178785e-01  1.035840005653e-01 -1.027905427353e+00  1.003573988296e+00  -4.974024112870e-01  1.064424996462e-01 -1.026102660709e+00  1.000250079281e+00
 -4.974024112870e-01  1.064424996462e-01 -1.026102660709e+00  1.000250079281e+00  -4.805920452394e-01  1.093221256618e-01 -1.024138320263e+00  9.967248746306e-01
 -4.805920452394e-01  1.093221256618e-01 -1.024138320263e+00  9.967248746306e-01  -4.439819869653e-01  1.156234689393e-01 -1.019464759945e+00  9.886951149898e-01
 -4.439819869653e-01  1.156234689393e-01 -1.019464759945e+00  9.886951149898e-01  -4.056496236738e-01  1.226081109312e-01 -1.014043834068e+00  9.799321155021e-01
 -4.056496236738e-01  1.226081109312e-01 -1.014043834068e+00  9.799321155021e-01  -3.899985979364e-01  1.256661198640e-01 -1.011689181337e+00  9.762908697681e-01
 -3.899985979364e-01  1.256661198640e-01 -1.011689181337e+00  9.762908697681e-01  -3.768141990657e-01  1.283624956299e-01 -1.009645816600e+00  9.732065039249e-01
 -3.768141990657e-01  1.283624956299e-01 -1.009645816600e+00  9.732065039249e-01  -3.345881312933e-01  1.378930756863e-01 -1.002751057547e+00  9.632830070619e-01
 -3.345881312933e-01  1.378930756863e-01 -1.002751057547e+00  9.632830070619e-01  -2.868211918627e-01  1.506648996797e-01 -9.943350857249e-01  9.520935592921e-01
 -2.868211918627e-01  1.506648996797e-01 -9.943350857249e-01  9.520935592921e-01  -2.802261615703e-01  1.526174245680e-01 -9.931225016823e-01  9.505585826978e-01
 -2.802261615703e-01  1.526174245680e-01 -9.931225016823e-01  9.505585826978e-01  -2.768882270576e-01  1.536242766151e-01 -9.925040835313e-01  9.497828898372e-01
 -2.768882270576e-01  1.536242766151e-01 -9.925040835313e-01  9.497828898372e-01  -2.403806271887e-01  1.654891133315e-01 -9.855318818428e-01  9.413590897096e-01
 -2.403806271887e-01  1.654891133315e-01 -9.855318818428e-01  9.413590897096e-01  -2.159166657307e-01  1.743631215124e-01 -9.806411036492e-01  9.357846249482e-01
 -2.159166657307e-01  1.743631215124e-01 -9.806411036492e-01  9.357846249482e-01  -1.991814827880e-01  1.808869000399e-01 -9.771906727346e-01  9.320077313190e-01
 -1.991814827880e-01  1.808869000399e-01 -9.771906727346e-01  9.320077313190e-01  -1.674415077150e-01  1.943270223038e-01 -9.704027061389e-01  9.249322903708e-01
 -1.674415077150e-01  1.943270223038e-01 -9.704027061389e-01  9.249322903708e-01  -1.567579704959e-01  1.991789735543e-01 -9.680432895097e-01  9.225779711984e-01
 -1.567579704959e-01  1.991789735543e-01 -9.680432895097e-01  9.225779711984e-01  -1.503159816232e-01  2.021873662928e-01 -9.666018334769e-01  9.211652591755e-01
 -1.503159816232e-01  2.021873662928e-01 -9.666018334769e-01  9.211652591755e-01  -1.134587208297e-01  2.206460504684e-01 -9.580722045944e-01  9.131865350261e-01
 -1.134587208297e-01  2.206460504684e-01 -9.580722045944e-01  9.131865350261e-01  -7.773711090628e-02  2.406925208117e-01 -9.493183180070e-01  9.056336723723e-01
 -7.773711090628e-02  2.406925208117e-01 -9.493183180070e-01  9.056336723723e-01  -6.832152016233e-02  2.463550671614e-01 -9.469258709703e-01  9.036744810240e-01
 -6.832152016233e-02  2.463550671614e-01 -9.469258709703e-01  9.036744810240e-01  -5.495180751517e-02  2.546818114797e-01 -9.434647990997e-01  9.009164191052e-01
 -5.495180751517e-02  2.546818114797e-01 -9.434647990997e-01  9.009164191052e-01  -1.981059965575e-02  2.782648651728e-01 -9.339922872483e-01  8.938088719588e-01
 -1.981059965575e-02  2.782648651728e-01 -9.339922872483e-01  8.938088719588e-01   1.212076607099e-02  3.020214515689e-01 -9.248793044691e-01  8.875450581229e-01
  1.212076607099e-02  3.020214515689e-01 -9.248793044691e-01  8.875450581229e-01   3.101064004211e-02  3.172319305495e-01 -9.192431360308e-01  8.839359655952e-01
  3.101064004211e-02  3.172319305495e-01 -9.192431360308e-01  8.839359655952e-01   4.821626385109e-02  3.319058426726e-01 -9.139400130481e-01  8.807166552661e-01
  4.821626385109e-02  3.319058426726e-01 -9.139400130481e-01  8.807166552661e-01   8.415415531716e-02  3.653694547924e-01 -9.022996709279e-01  8.742231314930e-01
  8.415415531716e-02  3.653694547924e-01 -9.022996709279e-01  8.742231314930e-01   1.395799696298e-01  4.260715688236e-01 -8.826293839441e-01  8.649286040918e-01
  1.395799696298e-01  4.260715688236e-01 -8.826293839441e-01  8.649286040918e-01   1.403325121863e-01  4.269872937098e-01 -8.823458914497e-01  8.648093613727e-01
  1.403325121863e-01  4.269872937098e-01 -8.823458914497e-01  8.648093613727e-01   1.408807220983e-01  4.276561294529e-01 -8.821390670245e-01  8.647226240369e-01
  1.408807220983e-01  4.276561294529e-01 -8.821390670245e-01  8.647226240369e-01   1.747885815932e-01  4.721984406160e-01 -8.688087879633e-01  8.595838182920e-01
  1.747885815932e-01  4.721984406160e-01 -8.688087879633e-01  8.595838182920e-01   2.046495322280e-01  5.177519941983e-01 -8.560426065936e-01  8.554794789539e-01
  2.046495322280e-01  5.177519941983e-01 -8.560426065936e-01  8.554794789539e-01   2.095802418720e-01  5.259952864122e-01 -8.538223935570e-01  8.548460206908e-01
  2.095802418720e-01  5.259952864122e-01 -8.538223935570e-01  8.548460206908e-01   2.142624948763e-01  5.340447248821e-01 -8.516804020886e-01  8.542573276081e-01
  2.142624948763e-01  5.340447248821e-01 -8.516804020886e-01  8.542573276081e-01   2.437158947494e-01  5.907000453297e-01 -8.373133846092e-01  8.508783373112e-01
  2.437158947494e-01  5.907000453297e-01 -8.373133846092e-01  8.508783373112e-01   2.689644475920e-01  6.512528847446e-01 -8.232792751968e-01  8.485431888810e-01
  2.689644475920e-01  6.512528847446e-01 -8.232792751968e-01  8.485431888810e-01   2.771756839773e-01  6.747783617600e-01 -8.181805835253e-01  8.479363576475e-01
  2.771756839773e-01  6.747783617600e-01 -8.181805835253e-01  8.479363576475e-01   3.030903916183e-01  7.758269856932e-01 -7.984306386323e-01  8.468646566048e-01
  3.030903916183e-01  7.758269856932e-01 -7.984306386323e-01  8.468646566048e-01   3.068177037706e-01  7.978054568111e-01 -7.945828597647e-01  8.469062580919e-01
  3.068177037706e-01  7.978054568111e-01 -7.945828597647e-01  8.469062580919e-01   3.157318357761e-01  9.060379644111e-01 -7.778942404475e-01  8.481520013261e-01
  3.157318357761e-01  9.060379644111e-01 -7.778942404475e-01  8.481520013261e-01   3.139777269231e-01  9.666851341144e-01 -7.701777064594e-01  8.493950830942e-01
  3.139777269231e-01  9.666851341144e-01 -7.701777064594e-01  8.493950830942e-01   3.058977380306e-01  1.036422461921e+00 -7.628013538370e-01  8.510728156176e-01
  3.058977380306e-01  1.036422461921e+00 -7.628013538370e-01  8.510728156176e-01   2.775386964108e-01  1.151150528008e+00 -7.545233947111e-01  8.537317338506e-01
  2.775386964108e-01  1.151150528008e+00 -7.545233947111e-01  8.537317338506e-01   2.740138985898e-01  1.161387318352e+00 -7.540497533586e-01  8.539204437230e-01
  2.740138985898e-01  1.161387318352e+00 -7.540497533586e-01  8.539204437230e-01   2.260240319760e-01  1.267599574921e+00 -7.523720952774e-01  8.546378487029e-01
  2.260240319760e-01  1.267599574921e+00 -7.523720952774e-01  8.546378487029e-01   2.196828201748e-01  1.278620224194e+00 -7.525982399303e-01  8.545137290945e-01
  2.196828201748e-01  1.278620224194e+00 -7.525982399303e-01  8.545137290945e-01   1.793310330105e-01  1.338795529122e+00 -7.555956088013e-01  8.526870200263e-01
  1.793310330105e-01  1.338795529122e+00 -7.555956088013e-01  8.526870200263e-01   1.405959243450e-01  1.384508969329e+00 -7.604250965397e-01  8.493459565311e-01
  1.405959243450e-01  1.384508969329e+00 -7.604250965397e-01  8.493459565311e-01   1.316358405719e-01  1.393785198078e+00 -7.617589002822e-01  8.483603900067e-01
  1.316358405719e-01  1.393785198078e+00 -7.617589002822e-01  8.483603900067e-01   1.018623898918e-01  1.421671263897e+00 -7.666889806363e-01  8.445234013791e-01
  1.018623898918e-01  1.421671263897e+00 -7.666889806363e-01  8.445234013791e-01   6.252580921322e-02  1.452508418764e+00 -7.742261566987e-01  8.381473460097e-01
  6.252580921322e-02  1.452508418764e+00 -7.742261566987e-01  8.381473460097e-01   3.518782488754e-02  1.470480499085e+00 -7.800519242781e-01  8.328505781295e-01
  3.518782488754e-02  1.470480499085e+00 -7.800519242781e-01  8.328505781295e-01   3.529062813380e-03  1.488175672064e+00 -7.873198601895e-01  8.258368802357e-01
  3.529062813380e-03  1.488175672064e+00 -7.873198601895e-01  8.258368802357e-01  -2.157082515798e-02  1.500035597360e+00 -7.934367845639e-01  8.196082351561e-01
 -2.157082515798e-02  1.500035597360e+00 -7.934367845639e-01  8.196082351561e-01  -4.997418226284e-02  1.511319003821e+00 -8.006976710138e-01  8.118493620764e-01
 -4.997418226284e-02  1.511319003821e+00 -8.006976710138e-01  8.118493620764e-01  -9.855243815421e-02  1.525752808969e+00 -8.138521154545e-01  7.968339369429e-01
 -9.855243815421e-02  1.525752808969e+00 -8.138521154545e-01  7.968339369429e-01  -9.976464769867e-02  1.526038439832e+00 -8.141911818611e-01  7.964310895647e-01
 -9.976464769867e-02  1.526038439832e+00 -8.141911818611e-01  7.964310895647e-01  -1.003069109594e-01  1.526165061222e+00 -8.143430232828e-01  7.962504325850e-01
 -1.003069109594e-01  1.526165061222e+00 -8.143430232828e-01  7.962504325850e-01  -1.457537250415e-01  1.534326697486e+00 -8.274039241314e-01  7.801336556064e-01
 -1.457537250415e-01  1.534326697486e+00 -8.274039241314e-01  7.801336556064e-01  -1.635402175146e-01  1.536237653800e+00 -8.326840126346e-01  7.733000251530e-01
 -1.635402175146e-01  1.536237653800e+00 -8.326840126346e-01  7.733000251530e-01  -1.890879723456e-01  1.537758312491e+00 -8.404193315315e-01  7.629654091513e-01
 -1.890879723456e-01  1.537758312491e+00 -8.404193315315e-01  7.629654091513e-01  -2.188859112712e-01  1.537742014823e+00 -8.496517540393e-01  7.501362640216e-01
 -2.188859112712e-01  1.537742014823e+00 -8.496517540393e-01  7.501362640216e-01  -2.302435966644e-01  1.537234808949e+00 -8.532269660116e-01  7.450260874307e-01
 -2.302435966644e-01  1.537234808949e+00 -8.532269660116e-01  7.450260874307e-01  -2.688995383080e-01  1.533454207353e+00 -8.656141789711e-01  7.267202077471e-01
 -2.688995383080e-01  1.533454207353e+00 -8.656141789711e-01  7.267202077471e-01  -2.695531880843e-01  1.533363058630e+00 -8.658264507800e-01  7.263985205363e-01
 -2.695531880843e-01  1.533363058630e+00 -8.658264507800e-01  7.263985205363e-01  -2.722556869420e-01  1.532976553486e+00 -8.667050723953e-01  7.250641927362e-01
 -2.722556869420e-01  1.532976553486e+00 -8.667050723953e-01  7.250641927362e-01  -3.076788848075e-01  1.526477927403e+00 -8.783637366440e-01  7.069356813375e-01
 -3.076788848075e-01  1.526477927403e+00 -8.783637366440e-01  7.069356813375e-01  -3.149141630939e-01  1.524822325428e+00 -8.807769746980e-01  7.030871836914e-01
 -3.149141630939e-01  1.524822325428e+00 -8.807769746980e-01  7.030871836914e-01  -3.443850670610e-01  1.516920714568e+00 -8.907165197916e-01  6.869042959010e-01
 -3.443850670610e-01  1.516920714568e+00 -8.907165197916e-01  6.869042959010e-01  -3.577385451444e-01  1.512724916077e+00 -8.952778895103e-01  6.793062880299e-01
 -3.577385451444e-01  1.512724916077e+00 -8.952778895103e-01  6.793062880299e-01  -3.798035962153e-01  1.504945303289e+00 -9.028933553762e-01  6.663966579937e-01
 -3.798035962153e-01  1.504945303289e+00 -9.028933553762e-01  6.663966579937e-01  -3.979274426532e-01  1.497764607344e+00 -9.092209836597e-01  6.554725806079e-01
 -3.979274426532e-01  1.497764607344e+00 -9.092209836597e-01  6.554725806079e-01  -4.140810692052e-01  1.490766162612e+00 -9.149146418126e-01  6.455052820556e-01
 -4.140810692052e-01  1.490766162612e+00 -9.149146418126e-01  6.455052820556e-01  -4.359242124073e-01  1.480423013083e+00 -9.226901114188e-01  6.317118887930e-01
 -4.359242124073e-01  1.480423013083e+00 -9.226901114188e-01  6.317118887930e-01  -4.473647985994e-01  1.474616996547e+00 -9.267941437573e-01  6.243609424666e-01
 -4.473647985994e-01  1.474616996547e+00 -9.267941437573e-01  6.243609424666e-01  -4.721795450218e-01  1.461189713811e+00 -9.357506312254e-01  6.081961947599e-01
 -4.721795450218e-01  1.461189713811e+00 -9.357506312254e-01  6.081961947599e-01  -4.798307014482e-01  1.456849565875e+00 -9.385201850758e-01  6.031750064434e-01
 -4.798307014482e-01  1.456849565875e+00 -9.385201850758e-01  6.031750064434e-01  -5.073272665340e-01  1.440753228146e+00 -9.484369649353e-01  5.851757402379e-01
 -5.073272665340e-01  1.440753228146e+00 -9.484369649353e-01  5.851757402379e-01  -5.117324340706e-01  1.438143589256e+00 -9.500102233005e-01  5.823243345531e-01
 -5.117324340706e-01  1.438143589256e+00 -9.500102233005e-01  5.823243345531e-01  -5.425762858666e-01  1.420426781247e+00 -9.607086999233e-01  5.630476757716e-01
 -5.425762858666e-01  1.420426781247e+00 -9.607086999233e-01  5.630476757716e-01  -5.434844628755e-01  1.419936451546e+00 -9.610111380975e-01  5.625068150247e-01
 -5.434844628755e-01  1.419936451546e+00 -9.610111380975e-01  5.625068150247e-01  -5.501027564867e-01  1.416452887931e+00 -9.631844709974e-01  5.586286828550e-01
 -5.501027564867e-01  1.416452887931e+00 -9.631844709974e-01  5.586286828550e-01  -5.807385274959e-01  1.403264937359e+00 -9.723192127470e-01  5.425157277662e-01
 -5.807385274959e-01  1.403264937359e+00 -9.723192127470e-01  5.425157277662e-01  -5.895050132935e-01  1.400665143748e+00 -9.745811569241e-01  5.385757944909e-01
 -5.895050132935e-01  1.400665143748e+00 -9.745811569241e-01  5.385757944909e-01  -6.284456129485e-01  1.396471557812e+00 -9.824776913575e-01  5.249326140264e-01
 -6.284456129485e-01  1.396471557812e+00 -9.824776913575e-01  5.249326140264e-01  -6.694677822279e-01  1.402672389712e+00 -9.876043871813e-01  5.160100703304e-01
 -6.694677822279e-01  1.402672389712e+00 -9.876043871813e-01  5.160100703304e-01  -6.945250622779e-01  1.409635885615e+00 -9.896717927439e-01  5.122990845228e-01
 -6.945250622779e-01  1.409635885615e+00 -9.896717927439e-01  5.122990845228e-01  -7.403138728140e-01  1.425194302101e+00 -9.921970455553e-01  5.075230309048e-01
 -7.403138728140e-01  1.425194302101e+00 -9.921970455553e-01  5.075230309048e-01  -7.626330424145e-01  1.433330940350e+00 -9.930294768563e-01  5.058365782756e-01
 -7.626330424145e-01  1.433330940350e+00 -9.930294768563e-01  5.058365782756e-01  -8.053062570033e-01  1.448951900535e+00 -9.941279785932e-01  5.034418037232e-01
 -8.053062570033e-01  1.448951900535e+00 -9.941279785932e-01  5.034418037232e-01  -8.139728524773e-01  1.452075016510e+00 -9.942876024076e-01  5.030683787553e-01
 -8.139728524773e-01  1.452075016510e+00 -9.942876024076e-01  5.030683787553e-01  -8.448415902389e-01  1.462944052215e+00 -9.947164100726e-01  5.020100367750e-01
 -8.448415902389e-01  1.462944052215e+00 -9.947164100726e-01  5.020100367750e-01  -8.640199540720e-01  1.469451570812e+00 -9.948877161675e-01  5.015528816933e-01
 -8.640199540720e-01  1.469451570812e+00 -9.948877161675e-01  5.015528816933e-01  -8.692217046240e-01  1.471179839880e+00 -9.949232214219e-01  5.014541288878e-01
 -8.692217046240e-01  1.471179839880e+00 -9.949232214219e-01  5.014541288878e-01  -8.785886436627e-01  1.474250171298e+00 -9.949763106807e-01  5.013028533792e-01
 -8.785886436627e-01  1.474250171298e+00 -9.949763106807e-01  5.013028533792e-01  -9.323299330245e-01  1.490744506071e+00 -9.950535029075e-01  5.010745678660e-01
 -9.323299330245e-01  1.490744506071e+00 -9.950535029075e-01  5.010745678660e-01  -9.739228833653e-01  1.502098984000e+00 -9.949155637786e-01  5.016235442879e-01
 -9.739228833653e-01  1.502098984000e+00 -9.949155637786e-01  5.016235442879e-01  -9.942780690101e-01  1.507184913652e+00 -9.948072272183e-01  5.021190058473e-01
 -9.942780690101e-01  1.507184913652e+00 -9.948072272183e-01  5.021190058473e-01  -1.007832182580e+00  1.510396904059e+00 -9.947251600416e-01  5.025312426340e-01
 -1.007832182580e+00  1.510396904059e+00 -9.947251600416e-01  5.025312426340e-01  -1.056194237118e+00  1.520707987779e+00 -9.944018559968e-01  5.045382413165e-01
 -1.056194237118e+00  1.520707987779e+00 -9.944018559968e-01  5.045382413165e-01  -1.074209985540e+00  1.524087504194e+00 -9.942823618590e-01  5.055003358546e-01
 -1.074209985540e+00  1.524087504194e+00 -9.942823618590e-01  5.055003358546e-01  -1.119112286695e+00  1.531418208472e+00 -9.940296966106e-01  5.084070519223e-01
 -1.119112286695e+00  1.531418208472e+00 -9.940296966106e-01  5.084070519223e-01  -1.167503027638e+00  1.537578071842e+00 -9.938985131632e-01  5.123567796863e-01
 -1.167503027638e+00  1.537578071842e+00 -9.938985131632e-01  5.123567796863e-01  -1.182313912798e+00  1.539104457034e+00 -9.939016402387e-01  5.137358806807e-01
 -1.182313912798e+00  1.539104457034e+00 -9.939016402387e-01  5.137358806807e-01  -1.240503042137e+00  1.543485493294e+00 -9.941830367265e-01  5.199289481277e-01
 -1.240503042137e+00  1.543485493294e+00 -9.941830367265e-01  5.199289481277e-01  -1.245051180100e+00  1.543719995808e+00 -9.942262764251e-01  5.204650796836e-01
 -1.245051180100e+00  1.543719995808e+00 -9.942262764251e-01  5.204650796836e-01  -1.250724246447e+00  1.543990680303e+00 -9.942851022188e-01  5.211443914729e-01
 -1.250724246447e+00  1.543990680303e+00 -9.942851022188e-01  5.211443914729e-01  -1.308304403611e+00  1.545374466984e+00 -9.952256363281e-01  5.287015094979e-01
 -1.308304403611e+00  1.545374466984e+00 -9.952256363281e-01  5.287015094979e-01  -1.340457907858e+00  1.545074254472e+00 -9.960637203415e-01  5.334424769384e-01
 -1.340457907858e+00  1.545074254472e+00 -9.960637203415e-01  5.334424769384e-01  -1.373087861238e+00  1.543989561137e+00 -9.971821244171e-01  5.386298140886e-01
 -1.373087861238e+00  1.543989561137e+00 -9.971821244171e-01  5.386298140886e-01  -1.394869273409e+00  1.542830071554e+00 -9.980943031041e-01  5.423000884243e-01
 -1.394869273409e+00  1.542830071554e+00 -9.980943031041e-01  5.423000884243e-01  -1.438664853484e+00  1.539447083480e+00 -1.000371977335e+00  5.501707912404e-01
 -1.438664853484e+00  1.539447083480e+00 -1.000371977335e+00  5.501707912404e-01  -1.452738991124e+00  1.538062110246e+00 -1.001239354282e+00  5.528359082394e-01
 -1.452738991124e+00  1.538062110246e+00 -1.001239354282e+00  5.528359082394e-01  -1.504259413067e+00  1.531755584266e+00 -1.005030265690e+00  5.631311859188e-01
 -1.504259413067e+00  1.531755584266e+00 -1.005030265690e+00  5.631311859188e-01  -1.523336565281e+00  1.528926132165e+00 -1.006695513821e+00  5.671493322765e-01
 -1.523336565281e+00  1.528926132165e+00 -1.006695513821e+00  5.671493322765e-01  -1.570892138704e+00  1.520700755409e+00 -1.011512829030e+00  5.776160828806e-01
 -1.570892138704e+00  1.520700755409e+00 -1.011512829030e+00  5.776160828806e-01  -1.625317709803e+00  1.509204840282e+00 -1.018277624251e+00  5.903103092875e-01
 -1.625317709803e+00  1.509204840282e+00 -1.018277624251e+00  5.903103092875e-01  -1.639620498131e+00  1.505808035915e+00 -1.020290384769e+00  5.937590008066e-01
 -1.639620498131e+00  1.505808035915e+00 -1.020290384769e+00  5.937590008066e-01  -1.645087676385e+00  1.504467681765e+00 -1.021086454665e+00  5.950885664016e-01
 -1.645087676385e+00  1.504467681765e+00 -1.021086454665e+00  5.950885664016e-01  -1.657935244540e+00  1.501225912330e+00 -1.023016070693e+00  5.982365238215e-01
 -1.657935244540e+00  1.501225912330e+00 -1.023016070693e+00  5.982365238215e-01  -1.693940287463e+00  1.491443132459e+00 -1.028873019938e+00  6.072205577266e-01
 -1.693940287463e+00  1.491443132459e+00 -1.028873019938e+00  6.072205577266e-01  -1.709595203120e+00  1.486862625216e+00 -1.031630729027e+00  6.111932638636e-01
 -1.709595203120e+00  1.486862625216e+00 -1.031630729027e+00  6.111932638636e-01  -1.745278609750e+00  1.475659064189e+00 -1.038407284423e+00  6.203733838814e-01
 -1.745278609750e+00  1.475659064189e+00 -1.038407284423e+00  6.203733838814e-01  -1.779814039332e+00  1.463771132029e+00 -1.045629170824e+00  6.293882215649e-01
 -1.779814039332e+00  1.463771132029e+00 -1.045629170824e+00  6.293882215649e-01  -1.810123419561e+00  1.452451674454e+00 -1.052515726435e+00  6.373705592664e-01
 -1.810123419561e+00  1.452451674454e+00 -1.052515726435e+00  6.373705592664e-01  -1.851067618322e+00  1.435769254206e+00 -1.062645208870e+00  6.482019770406e-01
 -1.851067618322e+00  1.435769254206e+00 -1.062645208870e+00  6.482019770406e-01  -1.899775891086e+00  1.413680218386e+00 -1.075946432132e+00  6.610600424590e-01
 -1.899775891086e+00  1.413680218386e+00 -1.075946432132e+00  6.610600424590e-01  -1.923990792973e+00  1.401715739470e+00 -1.083067529745e+00  6.674020137854e-01
 -1.923990792973e+00  1.401715739470e+00 -1.083067529745e+00  6.674020137854e-01  -1.956118261158e+00  1.384744792989e+00 -1.093037078667e+00  6.757266544210e-01
 -1.956118261158e+00  1.384744792989e+00 -1.093037078667e+00  6.757266544210e-01  -1.996916164568e+00  1.361221192389e+00 -1.106551800451e+00  6.860912023229e-01
 -1.996916164568e+00  1.361221192389e+00 -1.106551800451e+00  6.860912023229e-01  -2.001115702575e+00  1.358664404457e+00 -1.107996991489e+00  6.871418917169e-01
 -2.001115702575e+00  1.358664404457e+00 -1.107996991489e+00  6.871418917169e-01  -2.008689162750e+00  1.353985955919e+00 -1.110628699468e+00  6.890280967965e-01
 -2.008689162750e+00  1.353985955919e+00 -1.110628699468e+00  6.890280967965e-01  -2.047366360876e+00  1.328652890616e+00 -1.124576492083e+00  6.984679543094e-01
 -2.047366360876e+00  1.328652890616e+00 -1.124576492083e+00  6.984679543094e-01  -2.067781148851e+00  1.314224112163e+00 -1.132278963745e+00  7.033025970472e-01
 -2.067781148851e+00  1.314224112163e+00 -1.132278963745e+00  7.033025970472e-01  -2.105848764274e+00  1.285081495849e+00 -1.147264465250e+00  7.119946921281e-01
 -2.105848764274e+00  1.285081495849e+00 -1.147264465250e+00  7.119946921281e-01  -2.136065950793e+00  1.259556485749e+00 -1.159732120026e+00  7.185497606561e-01
 -2.136065950793e+00  1.259556485749e+00 -1.159732120026e+00  7.185497606561e-01  -2.177685962191e+00  1.220140961651e+00 -1.177728305657e+00  7.269908695816e-01
 -2.177685962191e+00  1.220140961651e+00 -1.177728305657e+00  7.269908695816e-01  -2.200597778763e+00  1.195849395737e+00 -1.188042287957e+00  7.313045951866e-01
 -2.200597778763e+00  1.195849395737e+00 -1.188042287957e+00  7.313045951866e-01  -2.225914034358e+00  1.166305686227e+00 -1.199777800251e+00  7.357573128712e-01
 -2.225914034358e+00  1.166305686227e+00 -1.199777800251e+00  7.357573128712e-01  -2.257868944521e+00  1.123764547303e+00 -1.215111777605e+00  7.408440806953e-01
 -2.257868944521e+00  1.123764547303e+00 -1.215111777605e+00  7.408440806953e-01  -2.262326704077e+00  1.117245080222e+00 -1.217298740088e+00  7.415011815241e-01
 -2.262326704077e+00  1.117245080222e+00 -1.217298740088e+00  7.415011815241e-01  -2.274088458092e+00  1.099197188993e+00 -1.223127793044e+00  7.431674596796e-01
 -2.274088458092e+00  1.099197188993e+00 -1.223127793044e+00  7.431674596796e-01  -2.298765318950e+00  1.056337346683e+00 -1.235652620361e+00  7.463159622731e-01
 -2.298765318950e+00  1.056337346683e+00 -1.235652620361e+00  7.463159622731e-01  -2.304555715076e+00  1.045010783387e+00 -1.238655010530e+00  7.469793611178e-01
 -2.304555715076e+00  1.045010783387e+00 -1.238655010530e+00  7.469793611178e-01  -2.328229419283e+00  9.909529793520e-01 -1.251237194521e+00  7.493417620715e-01
 -2.328229419283e+00  9.909529793520e-01 -1.251237194521e+00  7.493417620715e-01  -2.339003292334e+00  9.598959102208e-01 -1.257177268637e+00  7.501987139228e-01
 -2.339003292334e+00  9.598959102208e-01 -1.257177268637e+00  7.501987139228e-01  -2.347886253409e+00  9.285538371411e-01 -1.262235858068e+00  7.507761940750e-01
 -2.347886253409e+00  9.285538371411e-01 -1.262235858068e+00  7.507761940750e-01  -2.358295584946e+00  8.771654449106e-01 -1.268534395470e+00  7.512575806848e-01
 -2.358295584946e+00  8.771654449106e-01 -1.268534395470e+00  7.512575806848e-01  -2.360696383436e+00  8.596713892831e-01 -1.270123072708e+00  7.513266274702e-01
 -2.360696383436e+00  8.596713892831e-01 -1.270123072708e+00  7.513266274702e-01  -2.364351234275e+00  7.736643385628e-01 -1.273949125796e+00  7.513557359697e-01
 -2.364351234275e+00  7.736643385628e-01 -1.273949125796e+00  7.513557359697e-01  -2.362860551947e+00  7.478409284791e-01 -1.273838610875e+00  7.513627215876e-01
 -2.362860551947e+00  7.478409284791e-01 -1.273838610875e+00  7.513627215876e-01  -2.354283814586e+00  6.847941598416e-01 -1.271216227434e+00  7.516223540794e-01
 -2.354283814586e+00  6.847941598416e-01 -1.271216227434e+00  7.516223540794e-01  -2.339632573790e+00  6.248018530151e-01 -1.265729044640e+00  7.524525485676e-01
 -2.339632573790e+00  6.248018530151e-01 -1.265729044640e+00  7.524525485676e-01  -2.330412969610e+00  5.962275952952e-01 -1.262129279959e+00  7.531382063410e-01
 -2.330412969610e+00  5.962275952952e-01 -1.262129279959e+00  7.531382063410e-01  -2.314059625128e+00  5.539078960377e-01 -1.255671851953e+00  7.545895728860e-01
 -2.314059625128e+00  5.539078960377e-01 -1.255671851953e+00  7.545895728860e-01  -2.294140051591e+00  5.110424137099e-01 -1.247809586666e+00  7.566879599350e-01
 -2.294140051591e+00  5.110424137099e-01 -1.247809586666e+00  7.566879599350e-01  -2.274150987667e+00  4.740512991591e-01 -1.240000861312e+00  7.590935436368e-01
 -2.274150987667e+00  4.740512991591e-01 -1.240000861312e+00  7.590935436368e-01  -2.247989905155e+00  4.317605030561e-01 -1.229966225681e+00  7.626201387008e-01
 -2.247989905155e+00  4.317605030561e-01 -1.229966225681e+00  7.626201387008e-01  -2.208649397390e+00  3.771128403560e-01 -1.215352945869e+00  7.685887573301e-01
 -2.208649397390e+00  3.771128403560e-01 -1.215352945869e+00  7.685887573301e-01  -2.194989632454e+00  3.600261581967e-01 -1.210424244326e+00  7.708203598024e-01
 -2.194989632454e+00  3.600261581967e-01 -1.210424244326e+00  7.708203598024e-01  -2.160459341734e+00  3.202068440200e-01 -1.198314250279e+00  7.767729403920e-01
 -2.160459341734e+00  3.202068440200e-01 -1.198314250279e+00  7.767729403920e-01  -2.136474479884e+00  2.949491367748e-01 -1.190202583543e+00  7.811393993623e-01
 -2.136474479884e+00  2.949491367748e-01 -1.190202583543e+00  7.811393993623e-01  -2.117680848756e+00  2.763287875249e-01 -1.184020189164e+00  7.846771715001e-01
 -2.117680848756e+00  2.763287875249e-01 -1.184020189164e+00  7.846771715001e-01  -2.082486052326e+00  2.438703616370e-01 -1.172853646573e+00  7.915440425723e-01
 -2.082486052326e+00  2.438703616370e-01 -1.172853646573e+00  7.915440425723e-01  -2.076498917538e+00  2.386331816135e-01 -1.171007328299e+00  7.927405683251e-01
 -2.076498917538e+00  2.386331816135e-01 -1.171007328299e+00  7.927405683251e-01  -2.073114570801e+00  2.357069822530e-01 -1.169970509855e+00  7.934203025692e-01
 -2.073114570801e+00  2.357069822530e-01 -1.169970509855e+00  7.934203025692e-01  -2.059776506814e+00  2.244081864022e-01 -1.165932220057e+00  7.961221481237e-01
 -2.059776506814e+00  2.244081864022e-01 -1.165932220057e+00  7.961221481237e-01  -2.006939702733e+00  1.830097752352e-01 -1.150681001274e+00  8.071448897831e-01
 -2.006939702733e+00  1.830097752352e-01 -1.150681001274e+00  8.071448897831e-01  -1.985006020100e+00  1.672511420543e-01 -1.144695234262e+00  8.118493770061e-01
 -1.985006020100e+00  1.672511420543e-01 -1.144695234262e+00  8.118493770061e-01  -1.939817762250e+00  1.371301018139e-01 -1.132988040833e+00  8.217327692379e-01
 -1.939817762250e+00  1.371301018139e-01 -1.132988040833e+00  8.217327692379e-01  -1.913635443059e+00  1.210140674442e-01 -1.126582130653e+00  8.275574539789e-01
 -1.913635443059e+00  1.210140674442e-01 -1.126582130653e+00  8.275574539789e-01  -1.871503887259e+00  9.697527266136e-02 -1.116839690862e+00  8.370492012057e-01
 -1.871503887259e+00  9.697527266136e-02 -1.116839690862e+00  8.370492012057e-01  -1.860610603817e+00  9.112125559501e-02 -1.114432013270e+00  8.395231384412e-01
 -1.860610603817e+00  9.112125559501e-02 -1.114432013270e+00  8.395231384412e-01  -1.831863786381e+00  7.635274119986e-02 -1.108293090946e+00  8.460832826750e-01
 -1.831863786381e+00  7.635274119986e-02 -1.108293090946e+00  8.460832826750e-01  -1.810101902775e+00  6.580797885810e-02 -1.103849586292e+00  8.510748608872e-01
 -1.810101902775e+00  6.580797885810e-02 -1.103849586292e+00  8.510748608872e-01  -1.801497567754e+00  6.178546297020e-02 -1.102140342822e+00  8.530534175587e-01
 -1.801497567754e+00  6.178546297020e-02 -1.102140342822e+00  8.530534175587e-01  -1.779278946768e+00  5.177391643622e-02 -1.097849722002e+00  8.581731749434e-01
 -1.779278946768e+00  5.177391643622e-02 -1.097849722002e+00  8.581731749434e-01  -1.731080734383e+00  3.185901465780e-02 -1.089138818569e+00  8.693153545405e-01
 -1.252852462292e+00  7.740246502945e-01 -2.531255279236e-01  1.108752758244e+00  -1.253037603618e+00  7.746853593374e-01 -2.313840812336e-01  1.035690402510e+00
 -1.253037603618e+00  7.746853593374e-01 -2.313840812336e-01  1.035690402510e+00  -1.253181179859e+00  7.753558933205e-01 -2.153065276205e-01  9.588315781783e-01
 -1.253181179859e+00  7.753558933205e-01 -2.153065276205e-01  9.588315781783e-01  -1.253340638428e+00  7.767030801788e-01 -2.021260220605e-01  7.993400210896e-01
 -1.253340638428e+00  7.767030801788e-01 -2.021260220605e-01  7.993400210896e-01  -1.253356900623e+00  7.773960280669e-01 -2.054837928160e-01  7.166398715660e-01
 -1.253356900623e+00  7.773960280669e-01 -2.054837928160e-01  7.166398715660e-01  -1.253327876964e+00  7.780937734610e-01 -2.157068695598e-01  6.343549830829e-01
 -1.253327876964e+00  7.780937734610e-01 -2.157068695598e-01  6.343549830829e-01  -1.253130739576e+00  7.794763751133e-01 -2.550573765392e-01  4.781187194002e-01
 -1.253130739576e+00  7.794763751133e-01 -2.550573765392e-01  4.781187194002e-01  -1.252955696322e+00  7.801750387259e-01 -2.837944761616e-01  4.041377757588e-01
 -1.252955696322e+00  7.801750387259e-01 -2.837944761616e-01  4.041377757588e-01  -1.252727087744e+00  7.808674378612e-01 -3.176170177744e-01  3.347588317771e-01
 -1.252727087744e+00  7.808674378612e-01 -3.176170177744e-01  3.347588317771e-01  -1.252110599273e+00  7.821959161968e-01 -3.966065853512e-01  2.132671877681e-01
 -1.252110599273e+00  7.821959161968e-01 -3.966065853512e-01  2.132671877681e-01  -1.251710765420e+00  7.828383766045e-01 -4.415942390945e-01  1.599471592851e-01
 -1.251710765420e+00  7.828383766045e-01 -4.415942390945e-01  1.599471592851e-01  -1.251250984485e+00  7.834502738039e-01 -4.891449767711e-01  1.122729166283e-01
 -1.251250984485e+00  7.834502738039e-01 -4.891449767711e-01  1.122729166283e-01  -1.250170987977e+00  7.845345170676e-01 -5.886114415874e-01  3.451788106511e-02
 -1.250170987977e+00  7.845345170676e-01 -5.886114415874e-01  3.451788106511e-02  -1.249540835620e+00  7.850039532010e-01 -6.411256027392e-01  3.118535923577e-03
 -1.249540835620e+00  7.850039532010e-01 -6.411256027392e-01  3.118535923577e-03  -1.248861318849e+00  7.854074897350e-01 -6.946140589621e-01 -2.307830293969e-02
 -1.248861318849e+00  7.854074897350e-01 -6.946140589621e-01 -2.307830293969e-02  -1.247404816915e+00  7.859799270456e-01 -8.019693525362e-01 -6.005377258680e-02
 -1.247404816915e+00  7.859799270456e-01 -8.019693525362e-01 -6.005377258680e-02  -1.246626029585e+00  7.861453520028e-01 -8.568883744306e-01 -7.159288276049e-02
 -1.246626029585e+00  7.861453520028e-01 -8.568883744306e-01 -7.159288276049e-02  -1.245834157251e+00  7.862227018664e-01 -9.118876818390e-01 -7.842132749046e-02
 -1.245834157251e+00  7.862227018664e-01 -9.118876818390e-01 -7.842132749046e-02  -1.244276734280e+00  7.861190273204e-01 -1.019955353566e+00 -7.835723255570e-02
 -1.244276734280e+00  7.861190273204e-01 -1.019955353566e+00 -7.835723255570e-02  -1.243510055055e+00  7.859432525165e-01 -1.074201159142e+00 -7.154934828361e-02
 -1.243510055055e+00  7.859432525165e-01 -1.074201159142e+00 -7.154934828361e-02  -1.242770590400e+00  7.856921586099e-01 -1.127870593811e+00 -6.020357908109e-02
 -1.242770590400e+00  7.856921586099e-01 -1.127870593811e+00 -6.020357908109e-02  -1.241417388733e+00  7.850048355963e-01 -1.231383345997e+00 -2.445314731097e-02
 -1.241417388733e+00  7.850048355963e-01 -1.231383345997e+00 -2.445314731097e-02  -1.240793861760e+00  7.845746316976e-01 -1.282289427686e+00  5.277044128036e-04
 -1.240793861760e+00  7.845746316976e-01 -1.282289427686e+00  5.277044128036e-04  -1.240215871242e+00  7.840995995096e-01 -1.331858476935e+00  3.020515187723e-02
 -1.240215871242e+00  7.840995995096e-01 -1.331858476935e+00  3.020515187723e-02  -1.239212663439e+00  7.830573623278e-01 -1.424734811983e+00  1.028312556882e-01
 -1.239212663439e+00  7.830573623278e-01 -1.424734811983e+00  1.028312556882e-01  -1.238773252826e+00  7.824870356239e-01 -1.468740865590e+00  1.469530674880e-01
 -1.238773252826e+00  7.824870356239e-01 -1.468740865590e+00  1.469530674880e-01  -1.238379333245e+00  7.818946104897e-01 -1.510209617978e+00  1.960876490012e-01
 -1.238379333245e+00  7.818946104897e-01 -1.510209617978e+00  1.960876490012e-01  -1.237731438190e+00  7.806744285386e-01 -1.582906085035e+00  3.078153599352e-01
 -1.237731438190e+00  7.806744285386e-01 -1.582906085035e+00  3.078153599352e-01  -1.237466393162e+00  7.800347924596e-01 -1.614163740605e+00  3.718495580747e-01
 -1.237466393162e+00  7.800347924596e-01 -1.614163740605e+00  3.718495580747e-01  -1.237242885450e+00  7.793834222723e-01 -1.640921515724e+00  4.406144344080e-01
 -1.237242885450e+00  7.793834222723e-01 -1.640921515724e+00  4.406144344080e-01  -1.236922193548e+00  7.780690385818e-01 -1.678227737399e+00  5.884990670397e-01
 -1.236922193548e+00  7.780690385818e-01 -1.678227737399e+00  5.884990670397e-01  -1.236820649532e+00  7.773897976497e-01 -1.688204697738e+00  6.683371669861e-01
 -1.236820649532e+00  7.773897976497e-01 -1.688204697738e+00  6.683371669861e-01  -1.236760887213e+00  7.767030797040e-01 -1.691588251731e+00  7.501985031218e-01
 -1.236760887213e+00  7.767030797040e-01 -1.691588251731e+00  7.501985031218e-01  -1.236770024825e+00  7.753307583118e-01 -1.678193876643e+00  9.129475703259e-01
 -1.236770024825e+00  7.753307583118e-01 -1.678193876643e+00  9.129475703259e-01  -1.236842361855e+00  7.746290413435e-01 -1.661389089174e+00  9.935742229380e-01
 -1.236842361855e+00  7.746290413435e-01 -1.661389089174e+00  9.935742229380e-01  -1.236963060176e+00  7.739259963118e-01 -1.638304881140e+00  1.071347240429e+00
 -1.236963060176e+00  7.739259963118e-01 -1.638304881140e+00  1.071347240429e+00  -1.237352763011e+00  7.725472824650e-01 -1.576597398526e+00  1.212760438814e+00
 -1.237352763011e+00  7.725472824650e-01 -1.576597398526e+00  1.212760438814e+00  -1.237632368090e+00  7.718608446479e-01 -1.538430331901e+00  1.277078912909e+00
 -1.237632368090e+00  7.718608446479e-01 -1.538430331901e+00  1.277078912909e+00  -1.237970426215e+00  7.711901525277e-01 -1.496522518749e+00  1.335938847074e+00
 -1.237970426215e+00  7.711901525277e-01 -1.496522518749e+00  1.335938847074e+00  -1.238815256632e+00  7.699415075455e-01 -1.405248585394e+00  1.435553915983e+00
 -1.238815256632e+00  7.699415075455e-01 -1.405248585394e+00  1.435553915983e+00  -1.239334606345e+00  7.693631423318e-01 -1.355655316429e+00  1.477712080862e+00
 -1.239334606345e+00  7.693631423318e-01 -1.355655316429e+00  1.477712080862e+00  -1.239913458323e+00  7.688341480745e-01 -1.304412401978e+00  1.514384940099e+00
 -1.239913458323e+00  7.688341480745e-01 -1.304412401978e+00  1.514384940099e+00  -1.241213926554e+00  7.679732520069e-01 -1.199861688691e+00  1.571186085765e+00
 -1.241213926554e+00  7.679732520069e-01 -1.199861688691e+00  1.571186085765e+00  -1.241940570516e+00  7.676469002714e-01 -1.145679586207e+00  1.592389173380e+00
 -1.241940570516e+00  7.676469002714e-01 -1.145679586207e+00  1.592389173380e+00  -1.242700739554e+00  7.674038760341e-01 -1.091024674956e+00  1.608666338390e+00
 -1.242700739554e+00  7.674038760341e-01 -1.091024674956e+00  1.608666338390e+00  -1.244256477974e+00  7.671830189390e-01 -9.826080749430e-01  1.626772387841e+00
 -1.244256477974e+00  7.671830189390e-01 -9.826080749430e-01  1.626772387841e+00  -1.245051180100e+00  7.672029373722e-01 -9.276977642023e-01  1.629025063025e+00
 -1.245051180100e+00  7.672029373722e-01 -9.276977642023e-01  1.629025063025e+00  -1.245835453722e+00  7.673080081459e-01 -8.730411114858e-01  1.626697971340e+00
 -1.245835453722e+00  7.673080081459e-01 -8.730411114858e-01  1.626697971340e+00  -1.247315927495e+00  7.677430814930e-01 -7.665941280067e-01  1.608783603179e+00
 -1.247315927495e+00  7.677430814930e-01 -7.665941280067e-01  1.608783603179e+00  -1.248018216003e+00  7.680651161184e-01 -7.136561715211e-01  1.592946992760e+00
 -1.248018216003e+00  7.680651161184e-01 -7.136561715211e-01  1.592946992760e+00  -1.248681114744e+00  7.684451614475e-01 -6.616425817507e-01  1.572530326707e+00
 -1.248681114744e+00  7.684451614475e-01 -6.616425817507e-01  1.572530326707e+00  -1.249861696522e+00  7.693355959976e-01 -5.625339564400e-01  1.518615979603e+00
 -1.249861696522e+00  7.693355959976e-01 -5.625339564400e-01  1.518615979603e+00  -1.250392823305e+00  7.698448531124e-01 -5.145223712636e-01  1.484228426712e+00
 -1.250392823305e+00  7.698448531124e-01 -5.145223712636e-01  1.484228426712e+00  -1.250878169084e+00  7.703852219169e-01 -4.683693812535e-01  1.444982171042e+00
 -1.250878169084e+00  7.703852219169e-01 -4.683693812535e-01  1.444982171042e+00  -1.251703137483e+00  7.715242901711e-01 -3.840566427591e-01  1.353003762838e+00
 -1.251703137483e+00  7.715242901711e-01 -3.840566427591e-01  1.353003762838e+00  -1.252055724160e+00  7.721314994081e-01 -3.454968248864e-01  1.298887888205e+00
 -1.252055724160e+00  7.721314994081e-01 -3.454968248864e-01  1.298887888205e+00  -1.252365277519e+00  7.727549832617e-01 -3.103548245900e-01  1.239732975826e+00
 -1.252365277519e+00  7.727549832617e-01 -3.103548245900e-01  1.239732975826e+00  -1.252852462292e+00  7.740246502945e-01 -2.531255279236e-01  1.108752758244e+00
