LENS PARMS:
   alpha 5.883762e-01 -1.404281e+00 1.004458e+00 1.084916e-01 4.055247e+01 1.366206e-01 -4.361625e+01 0.0 0.0 1.000000e+00
   alpha 5.320006e-01 -3.629913e-01 1.000824e+00 1.822168e-01 8.974017e+01 0.0 0.0 0.0 0.0 1.000000e+00
SOURCE PARMS:
   ptsrc 1.144051e+01 -7.906383e-01 1.037755e+00 0.0 0.0 0.0 0.0 0.0
CHISQ: 3.979473e+00 3.353140e-02 2.770875e+00 1.175068e+00 4.677939e-12 0.000000e+00 0.000000e+00 0.000000e+00 0.000000e+00 # tot pos flux tdel gal plim crv ring weak

Source #1
  posn: -7.906383e-01  1.037755e+00
  flux:  1.144051e+01
     h:  6.371826e-01
  zsrc:  1.390000e+00
tscale:  1.007155e+02
images:
  -0.7453   1.9440 (3.0e-03)  66.2663 ( 1.32e+01)  28.44 (3.0e+00) ->  -0.7453   1.9441  75.1253  28.7298
   0.0298   1.4832 (3.0e-03)  35.6786 ( 7.10e+00)  32.00 (3.0e+00) ->   0.0300   1.4832  40.5478  33.8707
   0.0000   0.0000 (3.0e-03)  48.7475 ( 9.90e+00)   0.00 (1.0e-05) ->   0.0001   0.0001  38.7292  -0.0000
  -1.8632   0.8784 (3.0e-03)  20.7665 ( 4.10e+00)  74.66 (3.0e+00) ->  -1.8636   0.8787  17.0401  73.0157


