LENS PARMS:
   alpha 5.864377e-01 -1.464986e+00 1.000966e+00 5.066306e-02 7.602513e+01 1.433635e-01 -4.270352e+01 0.0 0.0 1.000000e+00
   alpha 5.399853e-01 -3.577249e-01 9.915428e-01 1.800496e-01 7.698951e+01 0.0 0.0 0.0 0.0 1.000000e+00
SOURCE PARMS:
   ptsrc 1.112129e+01 -7.944169e-01 1.061748e+00 0.0 0.0 0.0 0.0 0.0
CHISQ: 7.964329e+00 2.709515e-02 7.171290e+00 7.659438e-01 6.860788e-12 0.000000e+00 0.000000e+00 0.000000e+00 0.000000e+00 # tot pos flux tdel gal plim crv ring weak

Source #1
  posn: -7.944169e-01  1.061748e+00
  flux:  1.112129e+01
     h:  6.722103e-01
  zsrc:  1.390000e+00
tscale:  1.007155e+02
images:
  -0.7453   1.9440 (3.0e-03)  66.2663 ( 1.32e+01)  28.44 (3.0e+00) ->  -0.7454   1.9437  75.8972  26.3717
   0.0298   1.4832 (3.0e-03)  35.6786 ( 7.10e+00)  32.00 (3.0e+00) ->   0.0301   1.4834  42.9713  30.9672
   0.0000   0.0000 (3.0e-03)  48.7475 ( 9.90e+00)   0.00 (1.0e-05) ->   0.0000  -0.0001  37.9169   0.0000
  -1.8632   0.8784 (3.0e-03)  20.7665 ( 4.10e+00)  74.66 (3.0e+00) ->  -1.8631   0.8783  12.1789  75.5526


