LENS PARMS:
   alpha 2.393144e-01 -1.225194e+00 -4.658870e-02 4.652075e-01 2.462415e+01 1.842036e-01 2.994583e+01 0.0 -8.516032e+01 3.973912e-03
   alpha 5.850166e-01 -7.293066e-01 1.163161e+00 8.202294e-01 -7.527487e+01 0.0 0.0 0.0 0.0 1.000000e+00
SOURCE PARMS:
   ptsrc 1.205584e+01 -1.034648e+00 7.193392e-01 0.0 0.0 0.0 0.0 0.0
CHISQ: 9.963181e+01 2.139120e-01 2.611224e+01 7.330566e+01 9.711070e-11 0.000000e+00 0.000000e+00 0.000000e+00 0.000000e+00 # tot pos flux tdel gal plim crv ring weak

Source #1
  posn: -1.034648e+00  7.193392e-01
  flux:  1.205584e+01
     h:  8.954785e-01
  zsrc:  1.390000e+00
tscale:  1.007155e+02
images:
  -0.7453   1.9440 (3.0e-03)  66.2663 ( 1.32e+01)  28.44 (3.0e+00) ->  -0.7450   1.9444  48.6911  38.4207
   0.0298   1.4832 (3.0e-03)  35.6786 ( 7.10e+00)  32.00 (3.0e+00) ->   0.0294   1.4823  11.1871  47.0049
   0.0000   0.0000 (3.0e-03)  48.7475 ( 9.90e+00)   0.00 (1.0e-05) ->   0.0004  -0.0004  21.7537  -0.0000
  -1.8632   0.8784 (3.0e-03)  20.7665 ( 4.10e+00)  74.66 (3.0e+00) ->  -1.8637   0.8785  29.9397  56.9399


